  .015055  
 .0149033  
 .0156394  
 .0163625  
 .0175244  
 .0168247  
  .016854  
 .0167943  
 .0168376  
  .016891  
 .0167772  
 .0166503  
 .0157891  
 .0157306  
 .0154312  
 .0153824  
 .0153941  
 .0150883  
 .0149879  
 .0140977  
 .0146799  
 .0147848  
 .0150078  
 .0141397  
  .014063  
 .0139664  
  .013601  
 .0133477  
 .0137555  
 .0134736  
  .012646  
 .0131973  
 .0132943  
 .0124511  
  .013126  
 .0127944  
 .0122937  
 .0125838  
 .0118317  
   .01203  
 .0120481  
 .0117257  
 .0124661  
 .0108371  
 .0127524  
 .0134077  
 .0136592  
  .014975  
 .0146078  
 .0141642  
 .0140033  
 .0145502  
 .0141949  
 .0143524  
 .0141869  
 .0132268  
 .0129782  
 .0129949  
 .0133488  
 .0131857  
 .0128112  
 .0123695  
 .0126621  
 .0120453  
 .0116528  
  .012467  
 .0124212  
 .0123229  
 .0124342  
 .0119963  
 .0122236  
 .0123269  
 .0127723  
  .013626  
 .0146747  
 .0168538  
 .0194004  
 .0182537  
 .0182795  
 .0173044  
 .0165798  
 .0162745  
 .0165526  
  .016838  
 .0151519  
 .0158399  
 .0155119  
 .0150505  
  .014249  
 .0140745  
 .0142826  
 .0141994  
  .013697  
 .0141078  
  .013327  
  .012574  
 .0134197  
 .0129425  
 .0128318  
